For Copy
Bandwidth

1927.2720000000002	1664.2240000000002	122.616	90.652	
1832.952	1734.44	222.17600000000002	208.55200000000002	
3717.2560000000003	3532.808	358.416	380.42400000000004	
6487.12	5877.184	577.448	472.648	
11097.395199999999	11097.395199999999	789.144	522.952	
10800.73216	15272.6528	945.296	637.184	
11646.7712	20546.662399999997	1028.088	649.76	


IOPS

29400.0	25400.0	1873.0	1383.0	
28000.0	26500.0	3384.0	3183.0	
56800.0	53900.0	5479.0	5807.0	
99000.0	89700.0	8811.0	7222.0	
165000.0	166000.0	12000.0	7988.0	
161000.0	228000.0	14400.0	9734.0	
174000.0	306000.0	15700.0	9916.0	


Avg. Latency

33520.0	38350.0	532320.0	718840.0	
70990.0	74440.0	589290.0	623760.0	
70020.0	73110.0	727970.0	684670.0	
80280.0	87860.0	905950.0	1102830.0	
96360.0	95410.0	1326180.0	1996690.0	
197310.0	138760.0	2213440.0	3278690.0	
366400.0	207430.0	4071330.0	6440150.0	


50th

31000	39000	515000	693000	
65000	67000	570000	619000	
58000	62000	693000	676000	
73000	79000	824000	1090000	
94000	94000	1074000	1696000	
153000	129000	1450000	2311000	
269000	190000	2147000	5000000	


90th

47000	45000	676000	832000	
105000	106000	750000	758000	
98000	101000	963000	865000	
112000	120000	1221000	1385000	
137000	135000	1680000	2311000	
371000	204000	2474000	3392000	
750000	310000	4490000	7000000	


99th

62000	54000	742000	938000	
122000	133000	898000	889000	
145000	147000	1319000	1057000	
149000	194000	2376000	1713000	
196000	182000	6390000	3720000	
506000	326000	20841000	6325000	
1057000	469000	64750000	12000000	


999th

76000	108000	824000	8848000	
139000	178000	5735000	1303000	
302000	412000	1844000	1303000	
194000	832000	3589000	2245000	
262000	229000	9765000	12518000	
603000	515000	34341000	233833000	
1319000	898000	110625000	684000000	


