
./Traces/8ssd_trace/10m_range/wdev0.log
Band Persec: 
948	847	856	877	828	714	821	735	822	944	770	778	800	887	841	745	793	780	13	
Write Band Persec: 
670	633	578	691	557	584	620	593	617	645	579	635	645	619	639	573	655	534	13	
READ Band Persec: 
277	214	277	186	270	130	200	141	205	298	191	143	154	268	201	172	137	246	0	
IOPS Persec: 
73262	61131	64153	66913	63817	59077	63563	60461	64037	67875	61457	60760	63709	66928	63285	61391	62548	57455	1267	
Latancy CDF: 
2519	12168	13635	15053	16677	18901	21605	24756	29256	38898	47273	47912	48289	48571	48813	49026	49217	49396	49565	49727	49892	50036	50192	50338	50476	50618	50763	50900	51049	51196	51341	51489	51637	51799	51971	52163	52357	52582	52827	53101	53395	53706	54054	54403	54770	55176	55620	56089	56601	57117	57584	58048	58496	58918	59330	59731	60165	60597	61019	61459	61962	62470	63069	63709	64499	65295	66190	67148	68186	69332	70496	71648	72857	74012	75110	76243	77302	78349	79191	79895	80705	81652	82550	83468	84363	85318	86210	87054	87823	88634	89445	90272	91100	92010	92996	94002	95146	96362	97569	98716	99964	101387	102788	104295	105797	107451	108993	110662	112257	113925	115417	116966	118279	119295	120211	121538	122979	124500	126090	127686	129268	130966	132776	134580	136431	138388	140507	142485	144502	146611	148612	150732	152954	155061	157250	158873	160095	162012	164301	166595	169068	171461	174085	177022	179930	182905	186198	189507	192655	196051	198827	200695	204198	208103	211821	215726	219836	224108	228250	232655	237177	239810	243672	248565	253737	258051	259244	259884	260311	260669	260975	261216	261451	261650	261839	261996	262151	262297	262437	262572	262699	262822	262946	263056	263165	263274	263383	263487	263581	263674	263768	263864	263956	264047	264132	264215	264299	264380	264459	264538	264619	264701	264777	264857	264929	265003	265077	265148	265216	265283	265352	265422	265488	265555	265620	265688	265751	265817	265881	265947	266011	266075	266137	266195	266257	266318	266377	266434	266492	266549	266607	266664	266720	266775	266832	266886	266947	267005	267060	267116	267171	267228	267283	267338	267394	267449	267505	267564	267621	267675	267734	267790	267847	267903	267957	268013	268069	268125	268183	268240	268297	268351	268410	268468	268525	268581	268640	268701	268761	268820	268879	268938	268995	269053	269111	269172	269234	269294	269355	269418	269480	269545	269607	269670	269730	269792	269856	269924	269990	270054	270123	270190	270260	270331	270401	270474	270540	270612	270685	270757	270827	270898	270970	271041	271119	271195	271273	271352	271429	271508	271584	271661	271740	271820	271898	271979	272055	272136	272222	272307	272390	272471	272550	272635	272716	272801	272883	272968	273048	273133	273220	273304	273389	273470	273555	273640	273727	273811	273894	273980	274064	274150	274230	274316	274394	274475	274556	274638	274716	274798	274878	274957	275038	275119	275199	275279	275360	275435	275511	275583	275657	275731	275805	275882	275955	276031	276105	276179	276250	276321	276391	276463	276538	276606	276679	276754	276823	276893	276965	277033	277100	277171	277240	277307	277376	277447	277513	277582	277648	277715	277782	277847	277914	277979	278043	278106	278170	278235	278299	278362	278426	278490	278555	278617	278680	278743	278808	278871	278934	278997	279062	279123	279187	279251	279312	279378	279441	279503	279564	279626	279688	279754	279815	279880	279939	280003	280064	280128	280193	280254	280316	280381	280444	280507	280571	280636	280699	280764	280826	280891	280955	281019	281081	281143	281207	281272	281335	281398	281459	281522	281586	281648	281709	281772	281835	281896	281956	282020	282078	282142	282205	282267	282332	282393	282456	282518	282579	282641	282706	282767	282827	282890	282947	283007	283067	283130	283192	283253	283319	283379	283440	283498	283558	283619	283681	283743	283802	283861	283921	283982	284043	284100	284161	284222	284284	284341	284401	284462	284523	284581	284643	284706	284763	284820	284877	284939	285002	285065	285127	285186	285245	285306	285368	285425	285489	285549	285613	285673	285731	285789	285845	285907	285968	286029	286089	286148	286207	286264	286326	286388	286448	286508	286566	286625	286685	286745	286804	286867	286925	286985	287046	287106	287166	287226	287286	287347	287405	287463	287523	287583	287645	287705	287766	287827	287886	287947	288008	288068	288129	288188	288252	288314	288378	288440	288504	288566	288628	288691	288754	288820	288884	288948	289008	289075	289139	289205	289270	289333	289399	289464	289532	289599	289664	289733	289799	289865	289934	290002	290068	290135	290204	290270	290340	290410	290481	290549	290622	290694	290764	290830	290906	290980	291051	291125	291202	291276	291349	291424	291498	291574	291650	291727	291801	291876	291951	292027	292104	292182	292260	292339	292415	292500	292581	292661	292742	292820	292898	292981	293065	293148	293232	293311	293397	293486	293570	293655	293743	293835	293922	294009	294103	294191	294279	294373	294465	294560	294651	294746	294837	294926	295021	295119	295225	295322	295419	295520	295622	295720	295828	295937	296040	296143	296249	296357	296461	296569	296675	296784	296893	297003	297116	297234	297345	297458	297577	297693	297817	297941	298062	298186	298308	298437	298567	298693	298816	298948	299078	299213	299347	299482	299613	299758	299898	300046	300194	300342	300493	300643	300795	300950	301096	301258	301420	301570	301730	301903	302074	302250	302416	302586	302753	302928	303106	303288	303469	303664	303853	304057	304258	304458	304664	304874	305086	305310	305541	305763	305988	306208	306436	306680	306923	307172	307426	307686	307938	308216	308494	308765	309051	309333	309604	309904	310217	310511	310827	311147	311479	311811	312125	312475	312802	313134	313488	313818	314172	314532	314875	315225	315590	315971	316345	316726	317114	317515	317907	318294	318672	319084	319465	319858	320252	320668	321097	321545	321994	322453	322905	323371	323836	324332	324822	325315	325813	326327	326823	327365	327902	328427	328951	329485	330041	330594	331171	331744	332288	332880	333474	334061	334640	335262	335858	336410	337021	337620	338249	338887	339527	340186	340811	341492	342181	342891	343602	344313	345027	345749	346500	347212	347959	348682	349461	350234	351009	351822	352590	353364	354141	354951	355751	356567	357389	358218	359001	359709	360471	361344	362224	363155	364030	364894	365784	366716	367628	368618	369542	370455	371400	372347	373306	374242	375171	376229	377230	378207	379267	380313	381270	382268	383343	384355	385405	386472	387476	388520	389543	390613	391701	392749	393803	394827	395904	396931	397988	398949	399844	400771	401755	402871	403908	404944	406016	407126	408169	409213	410249	411278	412357	413384	414473	415530	416575	417691	418750	419774	420846	421953	422999	424080	425132	426246	427233	428287	429332	430381	431433	432502	433521	434590	435656	436726	437775	438715	439705	440713	441767	442788	443805	444839	445909	446899	447881	448834	449826	450897	451927	452952	453954	454905	455927	456962	457929	458940	459948	460989	461947	462939	463867	464832	465846	466860	467917	468976	470027	471151	472234	473325	474529	475716	476915	478079	479218	480400	481642	482948	484327	485853	487546	489299	491180	493295	495656	498064	500806	503917	507282	510825	514851	518957	523234	528398	533986	539918	546612	553768	560557	569386	579763	590717	601749	615287	630615	644688	664442	683242	707791	731609	759295	790778	826163	868959	919427	989517	1083633	1238507	1819193	22312624	26035467	41418290	44199707	46830020	
Read Latancy CDF: 
7464	10045	10753	11251	11695	12033	12375	12662	12925	13226	13493	13770	14042	14326	14611	14893	15206	15508	15814	16173	16510	16896	17301	17746	18261	18734	19254	19782	20276	20849	21452	21997	22661	23287	23933	24630	25316	26210	27131	28134	29216	30582	32101	33985	36439	39235	43036	45883	46619	46945	47159	47320	47452	47568	47662	47748	47828	47911	47980	48053	48119	48180	48234	48288	48342	48397	48445	48494	48540	48586	48629	48670	48717	48759	48796	48837	48876	48914	48953	48990	49020	49059	49093	49128	49164	49198	49234	49268	49301	49337	49369	49403	49436	49473	49505	49537	49564	49593	49626	49656	49686	49715	49746	49776	49807	49835	49866	49893	49919	49945	49975	50008	50036	50069	50099	50127	50153	50178	50206	50233	50262	50293	50320	50349	50375	50401	50428	50457	50482	50509	50534	50564	50592	50621	50650	50679	50708	50740	50767	50794	50821	50848	50878	50907	50936	50965	50993	51019	51047	51079	51105	51135	51166	51193	51223	51254	51285	51313	51343	51377	51408	51442	51473	51505	51535	51567	51600	51632	51664	51701	51734	51775	51809	51848	51882	51919	51956	51999	52035	52074	52116	52159	52205	52253	52298	52350	52399	52451	52499	52548	52597	52645	52695	52751	52806	52861	52925	52988	53041	53107	53165	53228	53289	53350	53408	53470	53538	53600	53668	53744	53820	53892	53967	54048	54114	54186	54257	54328	54398	54471	54554	54639	54712	54799	54875	54973	55061	55153	55239	55330	55424	55506	55598	55697	55791	55887	56004	56091	56202	56301	56410	56523	56627	56737	56832	56933	57031	57116	57221	57312	57418	57498	57604	57700	57784	57869	57961	58055	58140	58228	58320	58408	58491	58572	58659	58731	58816	58897	58978	59069	59154	59239	59319	59398	59482	59560	59640	59730	59813	59908	60004	60087	60175	60260	60343	60426	60509	60594	60678	60762	60852	60949	61027	61120	61212	61300	61404	61516	61605	61710	61818	61913	62010	62110	62218	62324	62442	62560	62691	62806	62922	63055	63190	63337	63475	63613	63762	63910	64075	64236	64396	64549	64711	64879	65051	65218	65410	65586	65770	65948	66140	66348	66535	66730	66923	67131	67333	67550	67746	67990	68227	68432	68637	68870	69109	69357	69567	69794	70045	70292	70523	70745	70976	71209	71448	71711	71947	72169	72416	72672	72907	73124	73373	73598	73827	74051	74266	74503	74717	74925	75156	75379	75586	75817	76060	76277	76478	76696	76929	77136	77340	77549	77762	77977	78164	78342	78532	78702	78855	79008	79143	79281	79411	79552	79702	79859	80014	80196	80363	80533	80722	80911	81088	81278	81473	81658	81841	82003	82187	82384	82583	82764	82945	83129	83306	83491	83653	83858	84010	84204	84394	84596	84784	84970	85153	85321	85517	85686	85854	86032	86204	86375	86544	86702	86863	87023	87180	87340	87490	87652	87815	87996	88160	88314	88478	88644	88778	88941	89122	89284	89454	89622	89793	89955	90115	90277	90453	90612	90776	90953	91117	91297	91477	91678	91867	92062	92267	92461	92663	92855	93076	93270	93464	93666	93899	94108	94323	94563	94801	95069	95308	95550	95812	96043	96258	96508	96746	96972	97240	97470	97679	97928	98151	98411	98653	98873	99133	99360	99654	99901	100204	100493	100778	101083	101377	101674	101946	102223	102485	102811	103120	103426	103708	104001	104299	104590	104896	105196	105523	105852	106187	106525	106824	107171	107481	107810	108133	108443	108726	109030	109394	109779	110100	110382	110718	111033	111371	111683	111995	112354	112686	113040	113364	113678	113992	114324	114601	114864	115185	115503	115833	116136	116417	116699	116991	117304	117549	117824	118039	118269	118488	118704	118879	119052	119220	119379	119556	119758	119979	120208	120479	120731	121035	121298	121596	121875	122135	122474	122777	123070	123395	123695	123974	124280	124587	124912	125250	125557	125890	126172	126504	126842	127178	127491	127807	128115	128455	128752	129098	129422	129751	130097	130426	130792	131142	131555	131931	132286	132621	132932	133338	133722	134086	134457	134805	135167	135572	135940	136291	136732	137131	137521	137903	138312	138760	139142	139545	140010	140401	140795	141161	141571	142003	142413	142849	143229	143609	144027	144427	144875	145317	145737	146127	146513	146942	147311	147725	148105	148514	148929	149332	149786	150237	150654	151141	151563	151980	152454	152931	153418	153839	154227	154593	155029	155523	155916	156351	156784	157208	157595	157932	158217	158471	158737	158993	159222	159478	159729	160004	160327	160688	161132	161560	162016	162473	162964	163448	163870	164349	164817	165259	165671	166128	166707	167215	167727	168190	168639	169168	169621	170150	170608	171081	171567	172077	172557	173118	173682	174321	174920	175494	176029	176601	177156	177761	178390	179029	179566	180147	180726	181332	181978	182549	183164	183848	184539	185149	185819	186492	187094	187761	188453	189164	189780	190452	191089	191679	192339	193016	193698	194364	195046	195763	196462	197065	197639	198138	198528	198898	199241	199554	199899	200440	201041	201741	202550	203194	203908	204725	205543	206351	207117	207863	208582	209319	210038	210765	211606	212296	213043	213954	214711	215495	216380	217199	218024	218840	219702	220629	221546	222398	223214	224010	224855	225725	226522	227365	228109	228946	229923	230775	231671	232598	233564	234517	235402	236288	237085	237822	238411	238842	239224	239661	240234	240945	241772	242781	243601	244588	245579	246483	247537	248659	249670	250634	251655	252741	253889	255235	256292	257439	258498	259859	261032	262128	263401	264647	265837	266993	268118	269483	270638	271868	273104	274351	275620	276726	277556	278405	278933	279471	280153	281121	282526	283877	285185	286778	288213	289659	291059	292585	294319	295942	297605	299276	301067	302704	304434	306065	307484	309103	310732	312468	314258	315872	317131	318287	319030	319726	320913	322549	324503	326468	328388	330302	332054	334230	336277	338299	340405	342663	344794	346846	349054	351377	353569	355692	357462	358658	359392	360512	362924	365224	367488	369827	372088	374897	377198	380032	382933	385580	388053	390759	393594	395800	397775	399015	400143	402611	405271	408324	411409	414469	417851	421163	424453	427744	430802	433974	437116	438669	439948	443230	446920	450869	455116	459807	464467	468435	471994	476123	478693	480465	485126	489896	495495	500344	505653	510253	514895	518534	520935	526933	532640	538812	545241	549946	556287	559339	563103	569997	577598	584930	591821	598336	601098	608342	616175	625325	633844	639136	644572	656238	667169	676501	681033	690856	701955	713052	719441	728562	740205	752775	759339	768791	783100	796898	804790	821695	836940	847438	865850	879591	897684	917117	932237	955850	974253	998965	1027080	1053251	1083006	1119352	1159301	1200193	1238848	1268184	1279076	1321284	1818913	

